# Exported from Wings 3D 2.1.5
mtllib grass.mtl
o grass_sep2
#40 vertices, 60 faces
v -0.47850955 -0.25833608 2.03571859
v -2.06098978 0.25930201 0.92765401
v -2.06120180 0.25833608 0.92750555
v -0.47872156 -0.25930201 2.03557014
v 0.66864332 -0.25833608 0.39741450
v -0.91383691 0.25930201 -0.71065008
v -0.91404892 0.25833608 -0.71079853
v 0.66843131 -0.25930201 0.39726605
v -0.69942123 -0.30675323 1.49175297
v -0.22595129 1.10746033 2.82435427
v -0.22571455 1.10675323 2.82502057
v -0.69918450 -0.30746033 1.49241927
v 1.18516159 -0.30675323 0.82216535
v 1.65863154 1.10746033 2.15476665
v 1.65886827 1.10675323 2.15543295
v 1.18539833 -0.30746033 0.82283165
v -1.00000000 -0.27804364 1.09159924
v -1.00000000 1.67825156 1.50742262
v -1.00000000 1.67804364 1.50840076
v -1.00000000 -0.27825156 1.09257738
v 1.00000000 -0.27804364 1.09159924
v 1.00000000 1.67825156 1.50742262
v 1.00000000 1.67804364 1.50840076
v 1.00000000 -0.27825156 1.09257738
v -0.52573733 -0.27804364 2.00264935
v -0.86635990 1.67825156 1.76414285
v -0.86716116 1.67804364 1.76358181
v -0.52653858 -0.27825156 2.00208830
v 0.62141554 -0.27804364 0.36434526
v 0.28079297 1.67825156 0.12583876
v 0.27999172 1.67804364 0.12527772
v 0.62061429 -0.27825156 0.36378422
v -1.00000000 -0.30675323 1.20746033
v -1.00000000 1.10746033 -0.20675323
v -1.00000000 1.10675323 -0.20746033
v -1.00000000 -0.30746033 1.20675323
v 1.00000000 -0.30675323 1.20746033
v 1.00000000 1.10746033 -0.20675323
v 1.00000000 1.10675323 -0.20746033
v 1.00000000 -0.30746033 1.20675323
vt 0.0000000e+0 0.0000000e+0
vt 0.0000000e+0 1.00000000
vt 1.00000000 0.0000000e+0
vt 1.00000000 1.00000000
vn -0.57357644 -1.2088177e-13 0.81915204
vn 0.79124012 -0.25881905 0.55403229
vn 0.21201215 0.96592583 0.14845251
vn -0.57357644 -1.2088177e-13 0.81915204
vn 0.79124012 -0.25881905 0.55403229
vn 0.21201215 0.96592583 0.14845251
vn -0.57357644 0.0000000e+0 0.81915204
vn -0.79124012 0.25881905 -0.55403229
vn 0.21201215 0.96592583 0.14845251
vn -0.57357644 -1.2088177e-13 0.81915204
vn -0.21201215 -0.96592583 -0.14845251
vn -0.79124012 0.25881905 -0.55403229
vn -0.57357644 -1.2088177e-13 0.81915204
vn -0.21201215 -0.96592583 -0.14845251
vn -0.79124012 0.25881905 -0.55403229
vn -0.57357644 -2.4176353e-13 0.81915204
vn -0.21201215 -0.96592583 -0.14845251
vn 0.79124012 -0.25881905 0.55403229
vn 0.79124012 -0.25881905 0.55403229
vn 0.21201215 0.96592583 0.14845251
vn 0.57357644 -2.7755576e-14 -0.81915204
vn -0.79124012 0.25881905 -0.55403229
vn 0.57357644 -2.1345230e-14 -0.81915204
vn 0.21201215 0.96592583 0.14845251
vn 0.57357644 -2.1345230e-14 -0.81915204
vn -0.79124012 0.25881905 -0.55403229
vn 0.21201215 0.96592583 0.14845251
vn -0.21201215 -0.96592583 -0.14845251
vn -0.79124012 0.25881905 -0.55403229
vn 0.57357644 -1.4934885e-14 -0.81915204
vn -0.21201215 -0.96592583 -0.14845251
vn 0.79124012 -0.25881905 0.55403229
vn 0.57357644 -2.1345230e-14 -0.81915204
vn -0.21201215 -0.96592583 -0.14845251
vn 0.57357644 -2.1345230e-14 -0.81915204
vn 0.79124012 -0.25881905 0.55403229
vn -0.94229141 0.0000000e+0 0.33479381
vn -0.23673497 -0.70710678 -0.66630065
vn -0.23673497 0.70710678 -0.66630065
vn -0.94229141 -1.0205053e-14 0.33479381
vn 0.23673497 0.70710678 0.66630065
vn -0.23673497 0.70710678 -0.66630065
vn -0.94229141 -1.0205053e-14 0.33479381
vn 0.23673497 0.70710678 0.66630065
vn -0.23673497 0.70710678 -0.66630065
vn -0.94229141 -2.0410106e-14 0.33479381
vn 0.23673497 -0.70710678 0.66630065
vn 0.23673497 0.70710678 0.66630065
vn -0.94229141 -1.0205053e-14 0.33479381
vn 0.23673497 -0.70710678 0.66630065
vn -0.23673497 -0.70710678 -0.66630065
vn -0.94229141 -1.0205053e-14 0.33479381
vn 0.23673497 -0.70710678 0.66630065
vn -0.23673497 -0.70710678 -0.66630065
vn -0.23673497 -0.70710678 -0.66630065
vn 0.94229141 -4.1687574e-14 -0.33479381
vn -0.23673497 0.70710678 -0.66630065
vn 0.94229141 -4.1687574e-14 -0.33479381
vn -0.23673497 -0.70710678 -0.66630065
vn -0.23673497 0.70710678 -0.66630065
vn 0.23673497 0.70710678 0.66630065
vn -0.23673497 0.70710678 -0.66630065
vn 0.94229141 0.0000000e+0 -0.33479381
vn 0.23673497 -0.70710678 0.66630065
vn 0.23673497 0.70710678 0.66630065
vn 0.94229141 -4.1687574e-14 -0.33479381
vn 0.23673497 -0.70710678 0.66630065
vn 0.94229141 -4.1687574e-14 -0.33479381
vn 0.23673497 0.70710678 0.66630065
vn 0.23673497 -0.70710678 0.66630065
vn -0.23673497 -0.70710678 -0.66630065
vn 0.94229141 -8.3375147e-14 -0.33479381
vn -1.00000000 0.0000000e+0 0.0000000e+0
vn 1.0842022e-16 -0.97814760 -0.20791169
vn 0.0000000e+0 0.20791169 -0.97814760
vn -1.00000000 0.0000000e+0 0.0000000e+0
vn -1.0842022e-16 0.97814760 0.20791169
vn -2.2204460e-16 0.20791169 -0.97814760
vn -1.00000000 0.0000000e+0 0.0000000e+0
vn -1.0842022e-16 0.97814760 0.20791169
vn -2.2204460e-16 0.20791169 -0.97814760
vn -1.00000000 0.0000000e+0 0.0000000e+0
vn 2.2204460e-16 -0.20791169 0.97814760
vn -2.7105054e-16 0.97814760 0.20791169
vn -1.00000000 0.0000000e+0 0.0000000e+0
vn 8.0697188e-17 -0.20791169 0.97814760
vn 8.3984478e-17 -0.97814760 -0.20791169
vn -1.00000000 0.0000000e+0 0.0000000e+0
vn 8.0697188e-17 -0.20791169 0.97814760
vn 8.3984478e-17 -0.97814760 -0.20791169
vn 8.3984478e-17 -0.97814760 -0.20791169
vn 1.00000000 0.0000000e+0 0.0000000e+0
vn -2.2204460e-16 0.20791169 -0.97814760
vn 1.00000000 0.0000000e+0 0.0000000e+0
vn 8.3984478e-17 -0.97814760 -0.20791169
vn -2.2204460e-16 0.20791169 -0.97814760
vn 5.4210109e-17 0.97814760 0.20791169
vn -4.4408921e-16 0.20791169 -0.97814760
vn 1.00000000 0.0000000e+0 0.0000000e+0
vn 8.0697188e-17 -0.20791169 0.97814760
vn -1.0842022e-16 0.97814760 0.20791169
vn 1.00000000 0.0000000e+0 0.0000000e+0
vn 8.0697188e-17 -0.20791169 0.97814760
vn 1.00000000 0.0000000e+0 0.0000000e+0
vn -1.0842022e-16 0.97814760 0.20791169
vn -6.0650228e-17 -0.20791169 0.97814760
vn 5.9548739e-17 -0.97814760 -0.20791169
vn 1.00000000 0.0000000e+0 0.0000000e+0
vn -0.57357644 4.1823099e-14 0.81915204
vn 0.17031129 -0.97814760 0.11925325
vn 0.80125161 0.20791169 0.56104242
vn -0.57357644 4.1823099e-14 0.81915204
vn 0.17031129 -0.97814760 0.11925325
vn 0.80125161 0.20791169 0.56104242
vn -0.57357644 2.7755576e-14 0.81915204
vn -0.17031129 0.97814760 -0.11925325
vn 0.80125161 0.20791169 0.56104242
vn -0.57357644 4.1823099e-14 0.81915204
vn -0.80125161 -0.20791169 -0.56104242
vn -0.17031129 0.97814760 -0.11925325
vn -0.57357644 4.1823099e-14 0.81915204
vn -0.80125161 -0.20791169 -0.56104242
vn -0.17031129 0.97814760 -0.11925325
vn -0.57357644 5.5890622e-14 0.81915204
vn -0.80125161 -0.20791169 -0.56104242
vn 0.17031129 -0.97814760 0.11925325
vn 0.17031129 -0.97814760 0.11925325
vn 0.80125161 0.20791169 0.56104242
vn 0.57357644 1.3877788e-14 -0.81915204
vn -0.17031129 0.97814760 -0.11925325
vn 0.57357644 4.6891744e-15 -0.81915204
vn 0.80125161 0.20791169 0.56104242
vn 0.57357644 4.6891744e-15 -0.81915204
vn -0.17031129 0.97814760 -0.11925325
vn 0.80125161 0.20791169 0.56104242
vn -0.80125161 -0.20791169 -0.56104242
vn -0.17031129 0.97814760 -0.11925325
vn 0.57357644 -4.4994390e-15 -0.81915204
vn -0.80125161 -0.20791169 -0.56104242
vn 0.17031129 -0.97814760 0.11925325
vn 0.57357644 4.6891744e-15 -0.81915204
vn -0.80125161 -0.20791169 -0.56104242
vn 0.57357644 4.6891744e-15 -0.81915204
vn 0.17031129 -0.97814760 0.11925325
vn -1.00000000 0.0000000e+0 0.0000000e+0
vn 2.3818979e-17 -0.70710678 0.70710678
vn -3.3513757e-17 0.70710678 0.70710678
vn -1.00000000 0.0000000e+0 0.0000000e+0
vn 2.3818979e-17 -0.70710678 0.70710678
vn -3.3513757e-17 0.70710678 0.70710678
vn -1.00000000 0.0000000e+0 0.0000000e+0
vn -5.4210109e-17 0.70710678 -0.70710678
vn 0.0000000e+0 0.70710678 0.70710678
vn -1.00000000 0.0000000e+0 0.0000000e+0
vn 3.9271938e-17 -0.70710678 -0.70710678
vn -7.4743012e-17 0.70710678 -0.70710678
vn -1.00000000 0.0000000e+0 0.0000000e+0
vn 3.9271938e-17 -0.70710678 -0.70710678
vn -7.4743012e-17 0.70710678 -0.70710678
vn -1.00000000 0.0000000e+0 0.0000000e+0
vn 0.0000000e+0 -0.70710678 -0.70710678
vn 0.0000000e+0 -0.70710678 0.70710678
vn 4.7637958e-17 -0.70710678 0.70710678
vn -6.7027513e-17 0.70710678 0.70710678
vn 1.00000000 0.0000000e+0 0.0000000e+0
vn -7.4743012e-17 0.70710678 -0.70710678
vn 1.00000000 0.0000000e+0 0.0000000e+0
vn -3.3513757e-17 0.70710678 0.70710678
vn 1.00000000 0.0000000e+0 0.0000000e+0
vn -7.4743012e-17 0.70710678 -0.70710678
vn -3.3513757e-17 0.70710678 0.70710678
vn 7.8543875e-17 -0.70710678 -0.70710678
vn -9.5275915e-17 0.70710678 -0.70710678
vn 1.00000000 0.0000000e+0 0.0000000e+0
vn 3.9271938e-17 -0.70710678 -0.70710678
vn 2.3818979e-17 -0.70710678 0.70710678
vn 1.00000000 0.0000000e+0 0.0000000e+0
vn 3.9271938e-17 -0.70710678 -0.70710678
vn 1.00000000 0.0000000e+0 0.0000000e+0
vn 2.3818979e-17 -0.70710678 0.70710678
g grass_sep2_default
usemtl default
s 1
f 1//1 3//10 4//16
f 2//7 3//13 1//4
f 5//21 8//35 6//25
f 6//23 8//33 7//30
f 9//37 12//52 10//43
f 10//40 12//49 11//46
f 13//56 15//66 16//72
f 14//63 15//68 13//58
f 17//73 20//88 18//79
f 18//76 20//85 19//82
f 21//92 23//102 24//108
f 22//99 23//104 21//94
f 25//109 27//118 28//124
f 26//115 27//121 25//112
f 29//129 32//143 30//133
f 30//131 32//141 31//138
s 2
f 1//2 8//32 5//19
f 2//8 6//26 3//15
f 3//12 6//22 7//29
f 4//18 8//36 1//5
f 33//145 35//154 36//160
f 34//151 35//157 33//148
f 37//165 40//179 38//169
f 38//167 40//177 39//174
s 3
f 9//38 13//59 12//54
f 10//41 15//65 14//61
f 11//48 15//69 10//44
f 12//51 13//55 16//71
f 17//74 21//95 20//90
f 18//77 23//101 22//97
f 19//84 23//105 18//80
f 20//87 21//91 24//107
f 25//110 32//140 29//127
f 26//116 30//134 27//123
f 27//120 30//130 31//137
f 28//126 32//144 25//113
f 33//146 40//176 37//163
f 34//152 38//170 35//159
f 35//156 38//166 39//173
f 36//162 40//180 33//149
g grass_sep2_image
usemtl image
s 1
f 33/1/150 38/4/171 34/2/153
f 35/2/158 40/3/178 36/1/161
f 37/3/164 38/4/168 33/1/147
f 39/4/172 40/3/175 35/2/155
s 2
f 10/2/45 13/3/60 9/1/39
f 12/1/53 15/4/67 11/2/47
f 14/4/62 13/3/57 10/2/42
f 16/3/70 15/4/64 12/1/50
f 18/2/81 21/3/96 17/1/75
f 20/1/89 23/4/103 19/2/83
f 22/4/98 21/3/93 18/2/78
f 24/3/106 23/4/100 20/1/86
f 25/1/114 30/4/135 26/2/117
f 27/2/122 32/3/142 28/1/125
f 29/3/128 30/4/132 25/1/111
f 31/4/136 32/3/139 27/2/119
s 3
f 1/1/6 6/4/27 2/2/9
f 3/2/14 8/3/34 4/1/17
f 5/3/20 6/4/24 1/1/3
f 7/4/28 8/3/31 3/2/11
o grass
#24 vertices, 36 faces
v -0.66864332 -0.25833608 1.90258550
v 0.91383691 0.25930201 3.01065008
v 0.91404892 0.25833608 3.01079853
v -0.66843131 -0.25930201 1.90273395
v 0.47850955 -0.25833608 0.26428141
v 2.06098978 0.25930201 1.37234599
v 2.06120180 0.25833608 1.37249445
v 0.47872156 -0.25930201 0.26442986
v -0.99083245 -0.25833608 0.55634054
v -0.28406146 0.25930201 -1.24158203
v -0.28396677 0.25833608 -1.24182291
v -0.99073776 -0.25930201 0.55609967
v 0.87051397 -0.25833608 1.28804371
v 1.57728496 0.25930201 -0.50987887
v 1.57737965 0.25833608 -0.51011974
v 0.87060866 -0.25930201 1.28780283
v -0.82481109 -0.25833608 0.42800036
v -2.28279804 0.25930201 1.69540908
v -2.28299337 0.25833608 1.69557888
v -0.82500642 -0.25930201 0.42817016
v 0.48730697 -0.25833608 1.93741952
v -0.97067998 0.25930201 3.20482824
v -0.97087531 0.25833608 3.20499804
v 0.48711164 -0.25930201 1.93758932
vt 0.0000000e+0 0.0000000e+0
vt 0.0000000e+0 1.00000000
vt 1.00000000 0.0000000e+0
vt 1.00000000 1.00000000
vn -0.57357644 2.7755576e-14 0.81915204
vn -0.79124012 -0.25881905 -0.55403229
vn -0.21201215 0.96592583 -0.14845251
vn -0.57357644 -3.2661590e-15 0.81915204
vn 0.79124012 0.25881905 0.55403229
vn -0.21201215 0.96592583 -0.14845251
vn -0.57357644 -3.2661590e-15 0.81915204
vn 0.79124012 0.25881905 0.55403229
vn -0.21201215 0.96592583 -0.14845251
vn -0.57357644 -3.4287894e-14 0.81915204
vn 0.21201215 -0.96592583 0.14845251
vn 0.79124012 0.25881905 0.55403229
vn -0.57357644 -3.2661590e-15 0.81915204
vn 0.21201215 -0.96592583 0.14845251
vn -0.79124012 -0.25881905 -0.55403229
vn -0.57357644 -3.2661590e-15 0.81915204
vn 0.21201215 -0.96592583 0.14845251
vn -0.79124012 -0.25881905 -0.55403229
vn -0.79124012 -0.25881905 -0.55403229
vn 0.57357644 8.7732285e-14 -0.81915204
vn -0.21201215 0.96592583 -0.14845251
vn 0.57357644 8.7732285e-14 -0.81915204
vn -0.79124012 -0.25881905 -0.55403229
vn -0.21201215 0.96592583 -0.14845251
vn 0.79124012 0.25881905 0.55403229
vn -0.21201215 0.96592583 -0.14845251
vn 0.57357644 4.4408921e-13 -0.81915204
vn 0.21201215 -0.96592583 0.14845251
vn 0.79124012 0.25881905 0.55403229
vn 0.57357644 8.7732285e-14 -0.81915204
vn 0.21201215 -0.96592583 0.14845251
vn 0.57357644 8.7732285e-14 -0.81915204
vn 0.79124012 0.25881905 0.55403229
vn 0.21201215 -0.96592583 0.14845251
vn -0.79124012 -0.25881905 -0.55403229
vn 0.57357644 -2.6862464e-13 -0.81915204
vn -0.93067321 -1.4419889e-14 -0.36585158
vn -0.35338549 -0.25881905 0.89896129
vn -9.4689357e-2 0.96592583 0.24087595
vn -0.93067321 -1.4419889e-14 -0.36585158
vn -0.35338549 -0.25881905 0.89896129
vn -9.4689357e-2 0.96592583 0.24087595
vn -0.93067321 0.0000000e+0 -0.36585158
vn 0.35338549 0.25881905 -0.89896129
vn -9.4689357e-2 0.96592583 0.24087595
vn -0.93067321 -1.4419889e-14 -0.36585158
vn 9.4689357e-2 -0.96592583 -0.24087595
vn 0.35338549 0.25881905 -0.89896129
vn -0.93067321 -1.4419889e-14 -0.36585158
vn 9.4689357e-2 -0.96592583 -0.24087595
vn 0.35338549 0.25881905 -0.89896129
vn -0.93067321 -2.8839778e-14 -0.36585158
vn 9.4689357e-2 -0.96592583 -0.24087595
vn -0.35338549 -0.25881905 0.89896129
vn -0.35338549 -0.25881905 0.89896129
vn -9.4689357e-2 0.96592583 0.24087595
vn 0.93067321 4.4408921e-13 0.36585158
vn 0.35338549 0.25881905 -0.89896129
vn 0.93067321 2.9839954e-13 0.36585158
vn -9.4689357e-2 0.96592583 0.24087595
vn 0.93067321 2.9839954e-13 0.36585158
vn 0.35338549 0.25881905 -0.89896129
vn -9.4689357e-2 0.96592583 0.24087595
vn 9.4689357e-2 -0.96592583 -0.24087595
vn 0.35338549 0.25881905 -0.89896129
vn 0.93067321 1.5270988e-13 0.36585158
vn 9.4689357e-2 -0.96592583 -0.24087595
vn -0.35338549 -0.25881905 0.89896129
vn 0.93067321 2.9839954e-13 0.36585158
vn 9.4689357e-2 -0.96592583 -0.24087595
vn 0.93067321 2.9839954e-13 0.36585158
vn -0.35338549 -0.25881905 0.89896129
vn -0.65605903 0.0000000e+0 -0.75470958
vn 0.72899347 -0.25881905 -0.63370436
vn 0.19533321 0.96592583 -0.16980057
vn -0.65605903 -2.1358783e-14 -0.75470958
vn -0.72899347 0.25881905 0.63370436
vn 0.19533321 0.96592583 -0.16980057
vn -0.65605903 -2.1358783e-14 -0.75470958
vn -0.72899347 0.25881905 0.63370436
vn 0.19533321 0.96592583 -0.16980057
vn -0.65605903 -4.2717566e-14 -0.75470958
vn -0.19533321 -0.96592583 0.16980057
vn -0.72899347 0.25881905 0.63370436
vn -0.65605903 -2.1358783e-14 -0.75470958
vn -0.19533321 -0.96592583 0.16980057
vn 0.72899347 -0.25881905 -0.63370436
vn -0.65605903 -2.1358783e-14 -0.75470958
vn -0.19533321 -0.96592583 0.16980057
vn 0.72899347 -0.25881905 -0.63370436
vn 0.72899347 -0.25881905 -0.63370436
vn 0.65605903 2.4963755e-14 0.75470958
vn 0.19533321 0.96592583 -0.16980057
vn 0.65605903 2.4963755e-14 0.75470958
vn 0.72899347 -0.25881905 -0.63370436
vn 0.19533321 0.96592583 -0.16980057
vn -0.72899347 0.25881905 0.63370436
vn 0.19533321 0.96592583 -0.16980057
vn 0.65605903 1.1102230e-13 0.75470958
vn -0.19533321 -0.96592583 0.16980057
vn -0.72899347 0.25881905 0.63370436
vn 0.65605903 2.4963755e-14 0.75470958
vn -0.19533321 -0.96592583 0.16980057
vn 0.65605903 2.4963755e-14 0.75470958
vn -0.72899347 0.25881905 0.63370436
vn -0.19533321 -0.96592583 0.16980057
vn 0.72899347 -0.25881905 -0.63370436
vn 0.65605903 -6.1094792e-14 0.75470958
g grass_default
usemtl default
s 1
f 41//181 44//196 42//187
f 42//184 44//193 43//190
f 45//200 47//210 48//216
f 46//207 47//212 45//202
f 49//218 56//248 53//235
f 50//224 54//242 51//231
f 51//228 54//238 55//245
f 52//234 56//252 49//221
s 2
f 41//182 45//203 44//198
f 42//185 47//209 46//205
f 43//192 47//213 42//188
f 44//195 45//199 48//215
f 49//217 51//226 52//232
f 50//223 51//229 49//220
f 53//237 56//251 54//241
f 54//239 56//249 55//246
f 57//253 60//268 58//259
f 58//256 60//265 59//262
f 61//272 63//282 64//288
f 62//279 63//284 61//274
s 3
f 57//254 61//275 60//270
f 58//257 63//281 62//277
f 59//264 63//285 58//260
f 60//267 61//271 64//287
g grass_image
usemtl image
s 1
f 58/6/261 61/7/276 57/5/255
f 60/5/269 63/8/283 59/6/263
f 62/8/278 61/7/273 58/6/258
f 64/7/286 63/8/280 60/5/266
s 3
f 42/6/189 45/7/204 41/5/183
f 44/5/197 47/8/211 43/6/191
f 46/8/206 45/7/201 42/6/186
f 48/7/214 47/8/208 44/5/194
f 49/5/222 54/8/243 50/6/225
f 51/6/230 56/7/250 52/5/233
f 53/7/236 54/8/240 49/5/219
f 55/8/244 56/7/247 51/6/227
