# Exported from Wings 3D 2.1.5
mtllib paprota.mtl
o light
#212 vertices, 348 faces
v -1.44474637 -0.22845886 0.40577816
v -1.44474637 3.86804053 4.26727852
v -1.44474637 3.86761161 4.26859858
v -1.44474637 -0.22888778 0.40709822
v 1.33125363 -0.22845886 0.40577816
v 1.33125363 3.86804053 4.26727852
v 1.33125363 3.86761161 4.26859858
v 1.33125363 -0.22888778 0.40709822
v 1.33125363 2.41145957 1.26499908
v 1.33125363 2.41145957 1.26353965
v -1.44474637 2.41145957 1.26499908
v -1.44474637 2.41145957 1.26353965
v 0.40588385 6.8506486e-2 0.40940140
v 1.81156199 2.12693162 -0.81253596
v 1.81195036 2.12646599 -0.81287357
v 0.40627222 6.8040850e-2 0.40906379
v -0.50472609 6.8506486e-2 -0.63813549
v 0.90095205 2.12693162 -1.86007286
v 0.90134043 2.12646599 -1.86041047
v -0.50433771 6.8040850e-2 -0.63847311
v 2.07609671 -0.33335593 0.65557058
v 2.59837434 1.28474651 2.77784571
v 2.59821358 1.28515905 2.77721024
v 2.07593594 -0.33294339 0.65493511
v 0.57329041 -0.34069567 1.03099720
v 1.09556804 1.27740677 3.15327233
v 1.09540728 1.27781931 3.15263686
v 0.57312965 -0.34028313 1.03036173
v 0.76706405 0.97056706 1.83229515
v 0.76725633 0.97036750 1.83306091
v 2.26987035 0.97790680 1.45686853
v 2.27006263 0.97770724 1.45763429
v -0.24732343 -0.24689839 0.77006387
v -0.18153111 2.49725069 -0.75742372
v -0.18149105 2.49719917 -0.75819547
v -0.24728337 -0.24694992 0.76929212
v -1.79425632 -0.25423813 0.69024806
v -1.72846399 2.48991095 -0.83723953
v -1.72842393 2.48985943 -0.83801128
v -1.79421625 -0.25428966 0.68947631
v -1.79622000 1.29139464 0.58617271
v -1.79625974 1.29119508 0.58696124
v -0.24928712 1.29873438 0.66598852
v -0.24932685 1.29853482 0.66677705
v 1.64644206 -0.47350794 -1.29721907
v 1.09557901 2.04461976 -2.96814223
v 1.09506558 2.04439122 -2.96867516
v 1.64592863 -0.47373649 -1.29775200
v 0.48688413 -9.3913813e-2 -0.34288187
v -6.3978924e-2 2.42421389 -2.01380503
v -6.4492353e-2 2.42398535 -2.01433797
v 0.48637070 -9.4142357e-2 -0.34341480
v 0.46595486 1.33649967 -0.93726849
v 0.46647161 1.33649581 -0.93663909
v 1.62551280 0.95690554 -1.89160568
v 1.62602954 0.95690168 -1.89097628
v 0.81927882 -0.31593295 -1.33716597
v 2.51334611 1.30216950 -2.71809380
v 2.51284073 1.30258204 -2.71767636
v 0.81877345 -0.31552040 -1.33674852
v 1.80218580 -0.32327269 -0.13997517
v 3.49625308 1.29482976 -1.52090301
v 3.49574771 1.29524230 -1.52048556
v 1.80168042 -0.32286014 -0.13955773
v 2.44327219 0.98799005 -0.65827515
v 2.44388181 0.98779048 -0.65877687
v 1.46036522 0.99532979 -1.85546594
v 1.46097483 0.99513022 -1.85596767
v -1.29145594 -0.51403966 1.75485633
v -3.33830689 1.55710896 2.17587930
v -3.33757540 1.55734448 2.17597578
v -1.29072445 -0.51380414 1.75495280
v -1.21586927 -0.13444553 0.25498276
v -3.26272022 1.93670309 0.67600573
v -3.26198873 1.93693862 0.67610220
v -1.21513778 -0.13421000 0.25507923
v -1.71848659 1.29166378 0.59057875
v -1.71929986 1.29165992 0.59053679
v -1.79407325 0.91206965 2.09045232
v -1.79488652 0.91206579 2.09041036
v -0.85527756 -0.51173807 1.77742019
v 0.75082586 2.00638964 2.49565840
v 0.75156559 2.00616109 2.49563783
v -0.85453783 -0.51196661 1.77739963
v -0.77969090 -0.13214394 0.27754662
v 0.82641252 2.38598377 0.99578482
v 0.82715225 2.38575522 0.99576426
v -0.77895117 -0.13237248 0.27752606
v -0.32624699 1.29826954 0.66241298
v -0.32706026 1.29826569 0.66237101
v -0.40183366 0.91867541 2.16228655
v -0.40264693 0.91867155 2.16224459
v -0.26863218 -0.35416307 1.19291872
v -0.38890704 1.26393938 3.37520184
v -0.38887522 1.26435192 3.37454712
v -0.26860036 -0.35375053 1.19226401
v -1.81556507 -0.36150281 1.11310292
v -1.93583993 1.25659963 3.29538603
v -1.93580810 1.25701218 3.29473132
v -1.81553324 -0.36109027 1.11244820
v -1.86424800 0.94975992 1.93605893
v -1.86428774 0.94956036 1.93684746
v -0.31731511 0.95709967 2.01587474
v -0.31735485 0.95690010 2.01666327
v -1.44756222 -0.32129390 -1.43138776
v -2.48948406 2.19683380 -1.3701904e-2
v -2.48962054 2.19660526 -1.2974582e-2
v -1.44769870 -0.32152244 -1.43066044
v 2.3281939e-3 5.8300231e-2 -1.04004155
v -1.03959365 2.57642794 0.37764431
v -1.03973013 2.57619939 0.37837163
v 2.1917142e-3 5.8071687e-2 -1.03931422
v -0.46979653 1.48871371 -0.67833485
v -0.46958337 1.48870985 -0.67912081
v -1.91968694 1.10911958 -1.06968107
v -1.91947379 1.10911572 -1.07046703
v -1.00047720 -0.16371890 -0.73431548
v -3.10785621 1.45438354 -1.31378023
v -3.10722306 1.45479609 -1.31361055
v -0.99984406 -0.16330636 -0.73414580
v -0.59503682 -0.17105864 -2.22930378
v -2.70241582 1.44704380 -2.80876853
v -2.70178267 1.44745634 -2.80859884
v -0.59440367 -0.17064610 -2.22913410
v -1.38904183 1.14020409 -2.45107544
v -1.38980408 1.14000453 -2.45128118
v -1.79448222 1.14754383 -0.95608714
v -1.79524447 1.14734427 -0.95629288
v -0.59171371 -5.6454223e-2 -0.62398557
v 0.88723818 2.68769486 -0.23636682
v 0.88798396 2.68764334 -0.23616431
v -0.59096792 -5.6505750e-2 -0.62378306
v -0.18627332 -6.3793964e-2 -2.11897386
v 1.29267857 2.68035512 -1.73135512
v 1.29342435 2.68030359 -1.73115261
v -0.18552754 -6.3845491e-2 -2.11877135
v -8.4140456e-2 1.48183881 -2.09886384
v -8.4902709e-2 1.48163925 -2.09906959
v -0.48958084 1.48917855 -0.60387555
v -0.49034310 1.48897899 -0.60408129
v 1.68572167 -0.49093093 1.38591441
v 3.43156259 2.02719677 1.60379925
v 3.43226407 2.02696823 1.60356355
v 1.68642315 -0.49115948 1.38567871
v 1.31999338 -0.11133680 -7.0648977e-2
v 3.06583430 2.40679090 0.14723586
v 3.06653578 2.40656236 0.14700017
v 1.32069486 -0.11156534 -7.0884672e-2
v 1.86606574 1.31907668 0.16501701
v 1.86527567 1.31907282 0.16521438
v 2.23179404 0.93948255 1.62158040
v 2.23100397 0.93947869 1.62177777
v 1.97298691 -0.22609126 0.24492638
v 1.58982690 2.51805783 -1.23518692
v 1.58963984 2.51800630 -1.23593672
v 1.97279985 -0.22614278 0.24417658
v 0.47018061 -0.23343100 0.62035300
v 8.7020607e-2 2.51071809 -0.85976030
v 8.6833544e-2 2.51066656 -0.86051011
v 0.46999355 -0.23348252 0.61960319
v 0.43790859 1.31220178 0.52138810
v 0.43810086 1.31200221 0.52215386
v 1.94071489 1.31954152 0.14596149
v 1.94090716 1.31934196 0.14672725
v 0.33528249 -0.22888778 -1.51173063
v 3.94209433 3.61725630 -1.51173063
v 3.94077427 3.61768522 -1.51173063
v 0.33396242 -0.22845886 -1.51173063
v 0.33528249 -0.22888778 1.26426937
v 3.94209433 3.61725630 1.26426937
v 3.94077427 3.61768522 1.26426937
v 0.33396242 -0.22845886 1.26426937
v 1.19172392 2.41145957 1.26426937
v 1.19318335 2.41145957 1.26426937
v 1.19172392 2.41145957 -1.51173063
v 1.19318335 2.41145957 -1.51173063
v 0.45067240 0.18057290 -0.42694863
v -0.91628528 2.01492047 -1.99945356
v -0.91658614 2.01439957 -1.99979966
v 0.45037154 0.18005200 -0.42729473
v -0.59686450 0.18057290 0.48366130
v -1.96382218 2.01492047 -1.08884362
v -1.96412304 2.01439957 -1.08918972
v -0.59716536 0.18005200 0.48331520
v 0.37535407 0.21546373 0.35886229
v -1.24265101 1.97897277 1.76537266
v -1.24231828 1.97950874 1.76508341
v 0.37568681 0.21599970 0.35857305
v -0.53525586 0.21546373 -0.68867460
v -2.15326094 1.97897277 0.71783576
v -2.15292821 1.97950874 0.71754652
v -0.53492313 0.21599970 -0.68896385
v 0.49571822 -0.13451519 -0.68709659
v 1.33497182 2.32916785 0.27835424
v 1.33456774 2.32948766 0.27788939
v 0.49531414 -0.13419538 -0.68756143
v -0.55181868 -0.13451519 0.22351334
v 0.28743492 2.32916785 1.18896417
v 0.28703084 2.32948766 1.18849933
v -0.55222276 -0.13419538 0.22304850
v -1.44474637 -0.22888778 -0.37695949
v -1.44474637 3.54239830 -3.46370523
v -1.44474637 3.54282722 -3.46238516
v -1.44474637 -0.22845886 -0.37563942
v 1.33125363 -0.22888778 -0.37695949
v 1.33125363 3.54239830 -3.46370523
v 1.33125363 3.54282722 -3.46238516
v 1.33125363 -0.22845886 -0.37563942
v 1.33125363 2.41145957 -1.23340092
v 1.33125363 2.41145957 -1.23486035
v -1.44474637 2.41145957 -1.23340092
v -1.44474637 2.41145957 -1.23486035
vt 0.0000000e+0 0.0000000e+0
vt 0.0000000e+0 0.49995939
vt 0.0000000e+0 0.49995939
vt 0.0000000e+0 0.50004061
vt 0.0000000e+0 0.50004061
vt 0.0000000e+0 1.00000000
vt 1.00000000 0.0000000e+0
vt 1.00000000 0.49995939
vt 1.00000000 0.49995939
vt 1.00000000 0.50004061
vt 1.00000000 0.50004061
vt 1.00000000 1.00000000
vn -1.00000000 0.0000000e+0 0.0000000e+0
vn -1.1526477e-16 0.30901699 -0.95105652
vn 1.4069263e-17 -0.95105652 -0.30901699
vn -1.00000000 -4.3631967e-13 0.0000000e+0
vn -1.00000000 -4.3631967e-13 0.0000000e+0
vn -3.3766231e-16 0.95105652 0.30901699
vn -2.4291862e-16 0.89978791 -0.43632752
vn -5.6277052e-17 0.95105652 0.30901699
vn 9.5851607e-17 -0.89983041 0.43623988
vn -1.00000000 -3.7012384e-14 0.0000000e+0
vn 9.5851607e-17 -0.89983041 0.43623988
vn -5.6277052e-17 0.95105652 0.30901699
vn 5.4690742e-17 -0.30901699 0.95105652
vn 5.1856431e-18 -0.95105652 -0.30901699
vn -1.00000000 0.0000000e+0 0.0000000e+0
vn -1.00000000 0.0000000e+0 0.0000000e+0
vn 5.4690742e-17 -0.30901699 0.95105652
vn 5.1856431e-18 -0.95105652 -0.30901699
vn 5.1856431e-18 -0.95105652 -0.30901699
vn 1.00000000 0.0000000e+0 0.0000000e+0
vn -1.1526477e-16 0.30901699 -0.95105652
vn -1.1526477e-16 0.30901699 -0.95105652
vn 5.1856431e-18 -0.95105652 -0.30901699
vn -5.6277052e-17 0.95105652 0.30901699
vn -1.2145931e-16 0.89978791 -0.43632752
vn -5.6277052e-17 0.95105652 0.30901699
vn -1.2145931e-16 0.89978791 -0.43632752
vn 1.00000000 1.6047995e-13 0.0000000e+0
vn 1.00000000 1.6047995e-13 0.0000000e+0
vn 2.2510821e-16 0.95105652 0.30901699
vn 1.9170321e-16 -0.89983041 0.43623988
vn 1.00000000 -9.6853574e-14 0.0000000e+0
vn -3.6979769e-18 -0.95105652 -0.30901699
vn 1.00000000 0.0000000e+0 0.0000000e+0
vn 1.0938148e-16 -0.30901699 0.95105652
vn 1.00000000 0.0000000e+0 0.0000000e+0
vn 8.1812829e-17 -0.65695285 0.75393166
vn 8.1812829e-17 -0.65695285 0.75393166
vn 8.1812829e-17 -0.65695285 0.75393166
vn 8.1812829e-17 -0.65695285 0.75393166
vn 1.00000000 1.0698664e-13 0.0000000e+0
vn 1.00000000 1.0698664e-13 0.0000000e+0
vn 1.00000000 1.0698664e-13 0.0000000e+0
vn 1.00000000 1.3927116e-13 0.0000000e+0
vn -6.2639789e-17 0.65691614 -0.75396365
vn -6.2639789e-17 0.65691614 -0.75396365
vn 1.00000000 1.3927116e-13 0.0000000e+0
vn 1.00000000 1.3927116e-13 0.0000000e+0
vn -1.00000000 -2.9087978e-13 0.0000000e+0
vn 0.0000000e+0 -0.65695285 0.75393166
vn -1.00000000 -2.9087978e-13 0.0000000e+0
vn -1.00000000 -2.9087978e-13 0.0000000e+0
vn 0.0000000e+0 -0.65695285 0.75393166
vn -1.00000000 -2.7854232e-13 0.0000000e+0
vn -1.2864596e-16 0.65691614 -0.75396365
vn -1.2864596e-16 0.65691614 -0.75396365
vn -1.00000000 -2.7854232e-13 0.0000000e+0
vn -1.00000000 -2.7854232e-13 0.0000000e+0
vn -1.2864596e-16 0.65691614 -0.75396365
vn -1.2864596e-16 0.65691614 -0.75396365
vn 0.65605903 0.0000000e+0 0.75470958
vn -0.50636821 -0.74150761 0.44017917
vn -0.55962290 0.67094445 0.48647277
vn 0.65605903 2.6236362e-13 0.75470958
vn 0.50636821 0.74150761 -0.44017917
vn -0.55962290 0.67094445 0.48647277
vn 0.65605903 2.6236362e-13 0.75470958
vn 0.50636821 0.74150761 -0.44017917
vn -0.55962290 0.67094445 0.48647277
vn 0.65605903 5.2472723e-13 0.75470958
vn 0.55962290 -0.67094445 -0.48647277
vn 0.50636821 0.74150761 -0.44017917
vn 0.65605903 2.6236362e-13 0.75470958
vn 0.55962290 -0.67094445 -0.48647277
vn -0.50636821 -0.74150761 0.44017917
vn 0.65605903 2.6236362e-13 0.75470958
vn 0.55962290 -0.67094445 -0.48647277
vn -0.50636821 -0.74150761 0.44017917
vn -0.50636821 -0.74150761 0.44017917
vn -0.65605903 9.7134192e-14 -0.75470958
vn -0.55962290 0.67094445 0.48647277
vn -0.65605903 9.7134192e-14 -0.75470958
vn -0.50636821 -0.74150761 0.44017917
vn -0.55962290 0.67094445 0.48647277
vn 0.50636821 0.74150761 -0.44017917
vn -0.55962290 0.67094445 0.48647277
vn -0.65605903 -1.4406925e-13 -0.75470958
vn 0.55962290 -0.67094445 -0.48647277
vn 0.50636821 0.74150761 -0.44017917
vn -0.65605903 9.7134192e-14 -0.75470958
vn 0.55962290 -0.67094445 -0.48647277
vn -0.65605903 9.7134192e-14 -0.75470958
vn 0.50636821 0.74150761 -0.44017917
vn 0.55962290 -0.67094445 -0.48647277
vn -0.50636821 -0.74150761 0.44017917
vn -0.65605903 3.3833764e-13 -0.75470958
vn 0.97017336 4.7383490e-3 -0.24236583
vn 0.97017336 4.7383490e-3 -0.24236583
vn 0.20757237 -0.53265350 0.82048398
vn -0.12520927 -0.84632015 -0.51774979
vn 0.97017336 4.7383490e-3 -0.24236583
vn 0.12520927 0.84632015 0.51774979
vn 5.7843938e-2 -0.97545301 0.21247471
vn 0.12520927 0.84632015 0.51774979
vn -5.7874020e-2 0.97542487 -0.21259568
vn 0.97017336 4.7383490e-3 -0.24236583
vn 0.97017336 4.7383490e-3 -0.24236583
vn -5.7874020e-2 0.97542487 -0.21259568
vn 0.12520927 0.84632015 0.51774979
vn 0.97017336 4.7383490e-3 -0.24236583
vn -0.20757237 0.53265350 -0.82048398
vn -0.12520927 -0.84632015 -0.51774979
vn -0.20757237 0.53265350 -0.82048398
vn -0.12520927 -0.84632015 -0.51774979
vn -0.12520927 -0.84632015 -0.51774979
vn -0.97017336 -4.7383490e-3 0.24236583
vn 0.20757237 -0.53265350 0.82048398
vn 0.20757237 -0.53265350 0.82048398
vn -0.97017336 -4.7383490e-3 0.24236583
vn -0.12520927 -0.84632015 -0.51774979
vn 0.12520927 0.84632015 0.51774979
vn 5.7843938e-2 -0.97545301 0.21247471
vn 0.12520927 0.84632015 0.51774979
vn 5.7843938e-2 -0.97545301 0.21247471
vn -0.97017336 -4.7383490e-3 0.24236583
vn 0.12520927 0.84632015 0.51774979
vn -5.7874020e-2 0.97542487 -0.21259568
vn -0.97017336 -4.7383490e-3 0.24236583
vn -0.97017336 -4.7383490e-3 0.24236583
vn -0.12520927 -0.84632015 -0.51774979
vn -0.20757237 0.53265350 -0.82048398
vn -0.97017336 -4.7383490e-3 0.24236583
vn -0.14370481 0.81642895 -0.55927872
vn -0.97017336 -4.7383490e-3 0.24236583
vn -0.14370481 0.81642895 -0.55927872
vn -0.14370481 0.81642895 -0.55927872
vn -0.14370481 0.81642895 -0.55927872
vn -0.97017336 -4.7383490e-3 0.24236583
vn -0.97017336 -4.7383490e-3 0.24236583
vn -0.97017336 -4.7383490e-3 0.24236583
vn 0.14369234 -0.81646585 0.55922807
vn 0.14369234 -0.81646585 0.55922807
vn -0.97017336 -4.7383490e-3 0.24236583
vn -0.97017336 -4.7383490e-3 0.24236583
vn 0.97017336 4.7383490e-3 -0.24236583
vn -0.14370481 0.81642895 -0.55927872
vn 0.97017336 4.7383490e-3 -0.24236583
vn 0.97017336 4.7383490e-3 -0.24236583
vn -0.14370481 0.81642895 -0.55927872
vn 0.14369234 -0.81646585 0.55922807
vn 0.14369234 -0.81646585 0.55922807
vn 0.97017336 4.7383490e-3 -0.24236583
vn 0.97017336 4.7383490e-3 -0.24236583
vn 0.97017336 4.7383490e-3 -0.24236583
vn 0.14369234 -0.81646585 0.55922807
vn 0.14369234 -0.81646585 0.55922807
vn 0.99866036 4.7383490e-3 5.1527045e-2
vn -5.1728283e-2 6.6528767e-2 0.99644273
vn 1.2934627e-3 -0.99777326 6.6684749e-2
vn 0.99866036 4.7383490e-3 5.1527045e-2
vn 0.99866036 4.7383490e-3 5.1527045e-2
vn -1.2934627e-3 0.99777326 -6.6684749e-2
vn -3.6781311e-2 0.76541713 0.64248249
vn -1.2934627e-3 0.99777326 -6.6684749e-2
vn 3.6777766e-2 -0.76547981 -0.64240801
vn 0.99866036 4.7383490e-3 5.1527045e-2
vn 3.6777766e-2 -0.76547981 -0.64240801
vn -1.2934627e-3 0.99777326 -6.6684749e-2
vn 5.1728283e-2 -6.6528767e-2 -0.99644273
vn 1.2934627e-3 -0.99777326 6.6684749e-2
vn 0.99866036 4.7383490e-3 5.1527045e-2
vn 0.99866036 4.7383490e-3 5.1527045e-2
vn 5.1728283e-2 -6.6528767e-2 -0.99644273
vn 1.2934627e-3 -0.99777326 6.6684749e-2
vn 1.2934627e-3 -0.99777326 6.6684749e-2
vn -0.99866036 -4.7383490e-3 -5.1527045e-2
vn -5.1728283e-2 6.6528767e-2 0.99644273
vn -5.1728283e-2 6.6528767e-2 0.99644273
vn 1.2934627e-3 -0.99777326 6.6684749e-2
vn -1.2934627e-3 0.99777326 -6.6684749e-2
vn -3.6781311e-2 0.76541713 0.64248249
vn -1.2934627e-3 0.99777326 -6.6684749e-2
vn -3.6781311e-2 0.76541713 0.64248249
vn -0.99866036 -4.7383490e-3 -5.1527045e-2
vn -0.99866036 -4.7383490e-3 -5.1527045e-2
vn -1.2934627e-3 0.99777326 -6.6684749e-2
vn 3.6777766e-2 -0.76547981 -0.64240801
vn -0.99866036 -4.7383490e-3 -5.1527045e-2
vn 1.2934627e-3 -0.99777326 6.6684749e-2
vn -0.99866036 -4.7383490e-3 -5.1527045e-2
vn 5.1728283e-2 -6.6528767e-2 -0.99644273
vn -0.99866036 -4.7383490e-3 -5.1527045e-2
vn 4.8098959e-2 -0.45215832 -0.89063985
vn 4.8098959e-2 -0.45215832 -0.89063985
vn 4.8098959e-2 -0.45215832 -0.89063985
vn 4.8098959e-2 -0.45215832 -0.89063985
vn -0.99866036 -4.7383490e-3 -5.1527045e-2
vn -0.99866036 -4.7383490e-3 -5.1527045e-2
vn -0.99866036 -4.7383490e-3 -5.1527045e-2
vn -0.99866036 -4.7383490e-3 -5.1527045e-2
vn -4.8099888e-2 0.45211488 0.89066185
vn -4.8099888e-2 0.45211488 0.89066185
vn -0.99866036 -4.7383490e-3 -5.1527045e-2
vn -0.99866036 -4.7383490e-3 -5.1527045e-2
vn 0.99866036 4.7383490e-3 5.1527045e-2
vn 4.8098959e-2 -0.45215832 -0.89063985
vn 0.99866036 4.7383490e-3 5.1527045e-2
vn 0.99866036 4.7383490e-3 5.1527045e-2
vn 4.8098959e-2 -0.45215832 -0.89063985
vn 0.99866036 4.7383490e-3 5.1527045e-2
vn -4.8099888e-2 0.45211488 0.89066185
vn -4.8099888e-2 0.45211488 0.89066185
vn 0.99866036 4.7383490e-3 5.1527045e-2
vn 0.99866036 4.7383490e-3 5.1527045e-2
vn -4.8099888e-2 0.45211488 0.89066185
vn -4.8099888e-2 0.45211488 0.89066185
vn 0.74858098 -0.24505628 -0.61609572
vn 0.66291238 0.29508470 0.68809316
vn 1.3178871e-2 -0.92351093 0.38334563
vn 0.74858098 -0.24505628 -0.61609572
vn 0.74858098 -0.24505628 -0.61609572
vn -1.3178871e-2 0.92351093 -0.38334563
vn 0.57656448 0.69942531 0.42234776
vn -1.3178871e-2 0.92351093 -0.38334563
vn -0.57654025 -0.69947500 -0.42229855
vn 0.74858098 -0.24505628 -0.61609572
vn -0.57654025 -0.69947500 -0.42229855
vn -1.3178871e-2 0.92351093 -0.38334563
vn -0.66291238 -0.29508470 -0.68809316
vn 1.3178871e-2 -0.92351093 0.38334563
vn 0.74858098 -0.24505628 -0.61609572
vn 0.74858098 -0.24505628 -0.61609572
vn -0.66291238 -0.29508470 -0.68809316
vn 1.3178871e-2 -0.92351093 0.38334563
vn 1.3178871e-2 -0.92351093 0.38334563
vn -0.74858098 0.24505628 0.61609572
vn 0.66291238 0.29508470 0.68809316
vn 0.66291238 0.29508470 0.68809316
vn 1.3178871e-2 -0.92351093 0.38334563
vn -1.3178871e-2 0.92351093 -0.38334563
vn 0.57656448 0.69942531 0.42234776
vn -1.3178871e-2 0.92351093 -0.38334563
vn 0.57656448 0.69942531 0.42234776
vn -0.74858098 0.24505628 0.61609572
vn -0.74858098 0.24505628 0.61609572
vn -1.3178871e-2 0.92351093 -0.38334563
vn -0.57654025 -0.69947500 -0.42229855
vn -0.74858098 0.24505628 0.61609572
vn 1.3178871e-2 -0.92351093 0.38334563
vn -0.74858098 0.24505628 0.61609572
vn -0.66291238 -0.29508470 -0.68809316
vn -0.74858098 0.24505628 0.61609572
vn -0.63933820 -0.51301679 -0.57276561
vn -0.63933820 -0.51301679 -0.57276561
vn -0.63933820 -0.51301679 -0.57276561
vn -0.63933820 -0.51301679 -0.57276561
vn -0.74858098 0.24505628 0.61609572
vn -0.74858098 0.24505628 0.61609572
vn -0.74858098 0.24505628 0.61609572
vn -0.74858098 0.24505628 0.61609572
vn 0.63934470 0.51298634 0.57278562
vn 0.63934470 0.51298634 0.57278562
vn -0.74858098 0.24505628 0.61609572
vn -0.74858098 0.24505628 0.61609572
vn 0.74858098 -0.24505628 -0.61609572
vn -0.63933820 -0.51301679 -0.57276561
vn 0.74858098 -0.24505628 -0.61609572
vn 0.74858098 -0.24505628 -0.61609572
vn -0.63933820 -0.51301679 -0.57276561
vn 0.74858098 -0.24505628 -0.61609572
vn 0.63934470 0.51298634 0.57278562
vn 0.63934470 0.51298634 0.57278562
vn 0.74858098 -0.24505628 -0.61609572
vn 0.74858098 -0.24505628 -0.61609572
vn 0.63934470 0.51298634 0.57278562
vn 0.63934470 0.51298634 0.57278562
vn -0.63453964 4.7383490e-3 -0.77287580
vn -0.63453964 4.7383490e-3 -0.77287580
vn 0.65251350 -0.53265350 -0.53898644
vn -0.41422891 -0.84632015 0.33489792
vn -0.63453964 4.7383490e-3 -0.77287580
vn 0.41422891 0.84632015 -0.33489792
vn 0.16722467 -0.97545301 -0.14327363
vn 0.41422891 0.84632015 -0.33489792
vn -0.16732110 0.97542487 0.14335262
vn -0.63453964 4.7383490e-3 -0.77287580
vn -0.63453964 4.7383490e-3 -0.77287580
vn -0.16732110 0.97542487 0.14335262
vn 0.41422891 0.84632015 -0.33489792
vn -0.63453964 4.7383490e-3 -0.77287580
vn -0.65251350 0.53265350 0.53898644
vn -0.41422891 -0.84632015 0.33489792
vn -0.65251350 0.53265350 0.53898644
vn -0.41422891 -0.84632015 0.33489792
vn -0.41422891 -0.84632015 0.33489792
vn 0.63453964 -4.7383490e-3 0.77287580
vn 0.65251350 -0.53265350 -0.53898644
vn 0.65251350 -0.53265350 -0.53898644
vn 0.63453964 -4.7383490e-3 0.77287580
vn -0.41422891 -0.84632015 0.33489792
vn 0.41422891 0.84632015 -0.33489792
vn 0.16722467 -0.97545301 -0.14327363
vn 0.41422891 0.84632015 -0.33489792
vn 0.16722467 -0.97545301 -0.14327363
vn 0.63453964 -4.7383490e-3 0.77287580
vn 0.41422891 0.84632015 -0.33489792
vn -0.16732110 0.97542487 0.14335262
vn 0.63453964 -4.7383490e-3 0.77287580
vn 0.63453964 -4.7383490e-3 0.77287580
vn -0.41422891 -0.84632015 0.33489792
vn -0.65251350 0.53265350 0.53898644
vn 0.63453964 -4.7383490e-3 0.77287580
vn -0.44383416 0.81642895 0.36939816
vn 0.63453964 -4.7383490e-3 0.77287580
vn -0.44383416 0.81642895 0.36939816
vn -0.44383416 0.81642895 0.36939816
vn -0.44383416 0.81642895 0.36939816
vn 0.63453964 -4.7383490e-3 0.77287580
vn 0.63453964 -4.7383490e-3 0.77287580
vn 0.63453964 -4.7383490e-3 0.77287580
vn 0.44379373 -0.81646585 -0.36936519
vn 0.44379373 -0.81646585 -0.36936519
vn 0.63453964 -4.7383490e-3 0.77287580
vn 0.63453964 -4.7383490e-3 0.77287580
vn -0.63453964 4.7383490e-3 -0.77287580
vn -0.44383416 0.81642895 0.36939816
vn -0.63453964 4.7383490e-3 -0.77287580
vn -0.63453964 4.7383490e-3 -0.77287580
vn -0.44383416 0.81642895 0.36939816
vn 0.44379373 -0.81646585 -0.36936519
vn 0.44379373 -0.81646585 -0.36936519
vn -0.63453964 4.7383490e-3 -0.77287580
vn -0.63453964 4.7383490e-3 -0.77287580
vn -0.63453964 4.7383490e-3 -0.77287580
vn 0.44379373 -0.81646585 -0.36936519
vn 0.44379373 -0.81646585 -0.36936519
vn -4.8796819e-2 -0.24505628 0.96828007
vn -4.8796819e-2 -0.24505628 0.96828007
vn -0.94446269 -0.30409757 -0.12455879
vn 0.32497553 -0.92058247 -0.21660752
vn -4.8796819e-2 -0.24505628 0.96828007
vn -0.32497553 0.92058247 0.21660752
vn -0.38539573 -0.88974164 -0.24460160
vn -4.8796819e-2 -0.24505628 0.96828007
vn -0.32497553 0.92058247 0.21660752
vn 0.38549910 0.88969843 0.24459588
vn -4.8796819e-2 -0.24505628 0.96828007
vn 0.38549910 0.88969843 0.24459588
vn -0.32497553 0.92058247 0.21660752
vn 0.94446269 0.30409757 0.12455879
vn 0.32497553 -0.92058247 -0.21660752
vn -4.8796819e-2 -0.24505628 0.96828007
vn 0.94446269 0.30409757 0.12455879
vn 0.32497553 -0.92058247 -0.21660752
vn 0.32497553 -0.92058247 -0.21660752
vn 4.8796819e-2 0.24505628 -0.96828007
vn -0.94446269 -0.30409757 -0.12455879
vn -0.94446269 -0.30409757 -0.12455879
vn 4.8796819e-2 0.24505628 -0.96828007
vn 0.32497553 -0.92058247 -0.21660752
vn -0.32497553 0.92058247 0.21660752
vn -0.38539573 -0.88974164 -0.24460160
vn -0.32497553 0.92058247 0.21660752
vn -0.38539573 -0.88974164 -0.24460160
vn 4.8796819e-2 0.24505628 -0.96828007
vn -0.32497553 0.92058247 0.21660752
vn 0.38549910 0.88969843 0.24459588
vn 4.8796819e-2 0.24505628 -0.96828007
vn 4.8796819e-2 0.24505628 -0.96828007
vn 0.32497553 -0.92058247 -0.21660752
vn 0.94446269 0.30409757 0.12455879
vn 4.8796819e-2 0.24505628 -0.96828007
vn 0.72879023 0.65417433 0.20228876
vn 4.8796819e-2 0.24505628 -0.96828007
vn 0.72879023 0.65417433 0.20228876
vn 0.72879023 0.65417433 0.20228876
vn 0.72879023 0.65417433 0.20228876
vn 4.8796819e-2 0.24505628 -0.96828007
vn 4.8796819e-2 0.24505628 -0.96828007
vn 4.8796819e-2 0.24505628 -0.96828007
vn -0.72875192 -0.65421447 -0.20229698
vn -0.72875192 -0.65421447 -0.20229698
vn 4.8796819e-2 0.24505628 -0.96828007
vn 4.8796819e-2 0.24505628 -0.96828007
vn 0.72879023 0.65417433 0.20228876
vn -4.8796819e-2 -0.24505628 0.96828007
vn -4.8796819e-2 -0.24505628 0.96828007
vn -4.8796819e-2 -0.24505628 0.96828007
vn 0.72879023 0.65417433 0.20228876
vn -4.8796819e-2 -0.24505628 0.96828007
vn -0.72875192 -0.65421447 -0.20229698
vn -0.72875192 -0.65421447 -0.20229698
vn -4.8796819e-2 -0.24505628 0.96828007
vn -4.8796819e-2 -0.24505628 0.96828007
vn -0.72875192 -0.65421447 -0.20229698
vn -0.72875192 -0.65421447 -0.20229698
vn -4.8796819e-2 -0.24505628 0.96828007
vn -0.95510219 0.29508470 2.6548525e-2
vn -0.29223051 -0.92351093 -0.24845298
vn -4.8796819e-2 -0.24505628 0.96828007
vn -4.8796819e-2 -0.24505628 0.96828007
vn 0.29223051 0.92351093 0.24845298
vn -0.70051575 0.69942531 0.14171067
vn 0.29223051 0.92351093 0.24845298
vn 0.70046305 -0.69947500 -0.14172591
vn -4.8796819e-2 -0.24505628 0.96828007
vn 0.70046305 -0.69947500 -0.14172591
vn 0.29223051 0.92351093 0.24845298
vn 0.95510219 -0.29508470 -2.6548525e-2
vn -0.29223051 -0.92351093 -0.24845298
vn -4.8796819e-2 -0.24505628 0.96828007
vn -4.8796819e-2 -0.24505628 0.96828007
vn 0.95510219 -0.29508470 -2.6548525e-2
vn -0.29223051 -0.92351093 -0.24845298
vn -0.29223051 -0.92351093 -0.24845298
vn 4.8796819e-2 0.24505628 -0.96828007
vn -0.95510219 0.29508470 2.6548525e-2
vn -0.95510219 0.29508470 2.6548525e-2
vn -0.29223051 -0.92351093 -0.24845298
vn 0.29223051 0.92351093 0.24845298
vn -0.70051575 0.69942531 0.14171067
vn 0.29223051 0.92351093 0.24845298
vn -0.70051575 0.69942531 0.14171067
vn 4.8796819e-2 0.24505628 -0.96828007
vn 4.8796819e-2 0.24505628 -0.96828007
vn 0.29223051 0.92351093 0.24845298
vn 0.70046305 -0.69947500 -0.14172591
vn 4.8796819e-2 0.24505628 -0.96828007
vn -0.29223051 -0.92351093 -0.24845298
vn 4.8796819e-2 0.24505628 -0.96828007
vn 0.95510219 -0.29508470 -2.6548525e-2
vn 4.8796819e-2 0.24505628 -0.96828007
vn 0.85397867 -0.51301679 -8.6799826e-2
vn 0.85397867 -0.51301679 -8.6799826e-2
vn 0.85397867 -0.51301679 -8.6799826e-2
vn 0.85397867 -0.51301679 -8.6799826e-2
vn 4.8796819e-2 0.24505628 -0.96828007
vn 4.8796819e-2 0.24505628 -0.96828007
vn 4.8796819e-2 0.24505628 -0.96828007
vn 4.8796819e-2 0.24505628 -0.96828007
vn -0.85399784 0.51298634 8.6791155e-2
vn -0.85399784 0.51298634 8.6791155e-2
vn 4.8796819e-2 0.24505628 -0.96828007
vn 4.8796819e-2 0.24505628 -0.96828007
vn -4.8796819e-2 -0.24505628 0.96828007
vn 0.85397867 -0.51301679 -8.6799826e-2
vn -4.8796819e-2 -0.24505628 0.96828007
vn -4.8796819e-2 -0.24505628 0.96828007
vn 0.85397867 -0.51301679 -8.6799826e-2
vn -4.8796819e-2 -0.24505628 0.96828007
vn -0.85399784 0.51298634 8.6791155e-2
vn -0.85399784 0.51298634 8.6791155e-2
vn -4.8796819e-2 -0.24505628 0.96828007
vn -4.8796819e-2 -0.24505628 0.96828007
vn -0.85399784 0.51298634 8.6791155e-2
vn -0.85399784 0.51298634 8.6791155e-2
vn 0.99866036 4.7383490e-3 5.1527045e-2
vn 0.99866036 4.7383490e-3 5.1527045e-2
vn -4.1088782e-2 -0.53265350 0.84533541
vn 3.1451555e-2 -0.84632015 -0.53174524
vn 0.99866036 4.7383490e-3 5.1527045e-2
vn -3.1451555e-2 0.84632015 0.53174524
vn -6.7283304e-3 -0.97545301 0.22010487
vn -3.1451555e-2 0.84632015 0.53174524
vn 6.7348866e-3 0.97542487 -0.22022935
vn 0.99866036 4.7383490e-3 5.1527045e-2
vn 0.99866036 4.7383490e-3 5.1527045e-2
vn 6.7348866e-3 0.97542487 -0.22022935
vn -3.1451555e-2 0.84632015 0.53174524
vn 0.99866036 4.7383490e-3 5.1527045e-2
vn 4.1088782e-2 0.53265350 -0.84533541
vn 3.1451555e-2 -0.84632015 -0.53174524
vn 4.1088782e-2 0.53265350 -0.84533541
vn 3.1451555e-2 -0.84632015 -0.53174524
vn 3.1451555e-2 -0.84632015 -0.53174524
vn -0.99866036 -4.7383490e-3 -5.1527045e-2
vn -4.1088782e-2 -0.53265350 0.84533541
vn -4.1088782e-2 -0.53265350 0.84533541
vn -0.99866036 -4.7383490e-3 -5.1527045e-2
vn 3.1451555e-2 -0.84632015 -0.53174524
vn -3.1451555e-2 0.84632015 0.53174524
vn -6.7283304e-3 -0.97545301 0.22010487
vn -3.1451555e-2 0.84632015 0.53174524
vn -6.7283304e-3 -0.97545301 0.22010487
vn -0.99866036 -4.7383490e-3 -5.1527045e-2
vn -3.1451555e-2 0.84632015 0.53174524
vn 6.7348866e-3 0.97542487 -0.22022935
vn -0.99866036 -4.7383490e-3 -5.1527045e-2
vn -0.99866036 -4.7383490e-3 -5.1527045e-2
vn 3.1451555e-2 -0.84632015 -0.53174524
vn 4.1088782e-2 0.53265350 -0.84533541
vn -0.99866036 -4.7383490e-3 -5.1527045e-2
vn 2.5890317e-2 0.81642895 -0.57686520
vn -0.99866036 -4.7383490e-3 -5.1527045e-2
vn 2.5890317e-2 0.81642895 -0.57686520
vn 2.5890317e-2 0.81642895 -0.57686520
vn 2.5890317e-2 0.81642895 -0.57686520
vn -0.99866036 -4.7383490e-3 -5.1527045e-2
vn -0.99866036 -4.7383490e-3 -5.1527045e-2
vn -0.99866036 -4.7383490e-3 -5.1527045e-2
vn -2.5887455e-2 -0.81646585 0.57681311
vn -2.5887455e-2 -0.81646585 0.57681311
vn -0.99866036 -4.7383490e-3 -5.1527045e-2
vn -0.99866036 -4.7383490e-3 -5.1527045e-2
vn 0.99866036 4.7383490e-3 5.1527045e-2
vn 2.5890317e-2 0.81642895 -0.57686520
vn 0.99866036 4.7383490e-3 5.1527045e-2
vn 0.99866036 4.7383490e-3 5.1527045e-2
vn 2.5890317e-2 0.81642895 -0.57686520
vn -2.5887455e-2 -0.81646585 0.57681311
vn -2.5887455e-2 -0.81646585 0.57681311
vn 0.99866036 4.7383490e-3 5.1527045e-2
vn 0.99866036 4.7383490e-3 5.1527045e-2
vn 0.99866036 4.7383490e-3 5.1527045e-2
vn -2.5887455e-2 -0.81646585 0.57681311
vn -2.5887455e-2 -0.81646585 0.57681311
vn -0.93601222 -0.24505628 -0.25264312
vn 0.17621564 0.29508470 -0.93908097
vn 0.30467880 -0.92351093 -0.23302013
vn -0.93601222 -0.24505628 -0.25264312
vn -0.93601222 -0.24505628 -0.25264312
vn -0.30467880 0.92351093 0.23302013
vn 9.7755392e-3 0.69942531 -0.71463884
vn -0.30467880 0.92351093 0.23302013
vn -9.7494993e-3 -0.69947500 0.71459056
vn -0.93601222 -0.24505628 -0.25264312
vn -9.7494993e-3 -0.69947500 0.71459056
vn -0.30467880 0.92351093 0.23302013
vn -0.17621564 -0.29508470 0.93908097
vn 0.30467880 -0.92351093 -0.23302013
vn -0.93601222 -0.24505628 -0.25264312
vn -0.93601222 -0.24505628 -0.25264312
vn -0.17621564 -0.29508470 0.93908097
vn 0.30467880 -0.92351093 -0.23302013
vn 0.30467880 -0.92351093 -0.23302013
vn 0.93601222 0.24505628 0.25264312
vn 0.17621564 0.29508470 -0.93908097
vn 0.17621564 0.29508470 -0.93908097
vn 0.30467880 -0.92351093 -0.23302013
vn -0.30467880 0.92351093 0.23302013
vn 9.7755392e-3 0.69942531 -0.71463884
vn -0.30467880 0.92351093 0.23302013
vn 9.7755392e-3 0.69942531 -0.71463884
vn 0.93601222 0.24505628 0.25264312
vn 0.93601222 0.24505628 0.25264312
vn -0.30467880 0.92351093 0.23302013
vn -9.7494993e-3 -0.69947500 0.71459056
vn 0.93601222 0.24505628 0.25264312
vn 0.30467880 -0.92351093 -0.23302013
vn 0.93601222 0.24505628 0.25264312
vn -0.17621564 -0.29508470 0.93908097
vn 0.93601222 0.24505628 0.25264312
vn -9.5925099e-2 -0.51301679 0.85300185
vn -9.5925099e-2 -0.51301679 0.85300185
vn -9.5925099e-2 -0.51301679 0.85300185
vn -9.5925099e-2 -0.51301679 0.85300185
vn 0.93601222 0.24505628 0.25264312
vn 0.93601222 0.24505628 0.25264312
vn 0.93601222 0.24505628 0.25264312
vn 0.93601222 0.24505628 0.25264312
vn 9.5937631e-2 0.51298634 -0.85301875
vn 9.5937631e-2 0.51298634 -0.85301875
vn 0.93601222 0.24505628 0.25264312
vn 0.93601222 0.24505628 0.25264312
vn -0.93601222 -0.24505628 -0.25264312
vn -9.5925099e-2 -0.51301679 0.85300185
vn -0.93601222 -0.24505628 -0.25264312
vn -0.93601222 -0.24505628 -0.25264312
vn -9.5925099e-2 -0.51301679 0.85300185
vn -0.93601222 -0.24505628 -0.25264312
vn 9.5937631e-2 0.51298634 -0.85301875
vn 9.5937631e-2 0.51298634 -0.85301875
vn -0.93601222 -0.24505628 -0.25264312
vn -0.93601222 -0.24505628 -0.25264312
vn 9.5937631e-2 0.51298634 -0.85301875
vn 9.5937631e-2 0.51298634 -0.85301875
vn -0.26174196 4.7383490e-3 0.96512626
vn -0.26174196 4.7383490e-3 0.96512626
vn -0.81748476 -0.53265350 -0.21908653
vn 0.51303977 -0.84632015 0.14329130
vn -0.26174196 4.7383490e-3 0.96512626
vn -0.51303977 0.84632015 -0.14329130
vn -0.21369359 -0.97545301 -5.3164591e-2
vn -0.51303977 0.84632015 -0.14329130
vn 0.21381386 0.97542487 5.3197346e-2
vn -0.26174196 4.7383490e-3 0.96512626
vn -0.26174196 4.7383490e-3 0.96512626
vn 0.21381386 0.97542487 5.3197346e-2
vn -0.51303977 0.84632015 -0.14329130
vn -0.26174196 4.7383490e-3 0.96512626
vn 0.81748476 0.53265350 0.21908653
vn 0.51303977 -0.84632015 0.14329130
vn 0.81748476 0.53265350 0.21908653
vn 0.51303977 -0.84632015 0.14329130
vn 0.51303977 -0.84632015 0.14329130
vn 0.26174196 -4.7383490e-3 -0.96512626
vn -0.81748476 -0.53265350 -0.21908653
vn -0.81748476 -0.53265350 -0.21908653
vn 0.26174196 -4.7383490e-3 -0.96512626
vn 0.51303977 -0.84632015 0.14329130
vn -0.51303977 0.84632015 -0.14329130
vn -0.21369359 -0.97545301 -5.3164591e-2
vn -0.51303977 0.84632015 -0.14329130
vn -0.21369359 -0.97545301 -5.3164591e-2
vn 0.26174196 -4.7383490e-3 -0.96512626
vn -0.51303977 0.84632015 -0.14329130
vn 0.21381386 0.97542487 5.3197346e-2
vn 0.26174196 -4.7383490e-3 -0.96512626
vn 0.26174196 -4.7383490e-3 -0.96512626
vn 0.51303977 -0.84632015 0.14329130
vn 0.81748476 0.53265350 0.21908653
vn 0.26174196 -4.7383490e-3 -0.96512626
vn 0.55831452 0.81642895 0.14740643
vn 0.26174196 -4.7383490e-3 -0.96512626
vn 0.55831452 0.81642895 0.14740643
vn 0.55831452 0.81642895 0.14740643
vn 0.55831452 0.81642895 0.14740643
vn 0.26174196 -4.7383490e-3 -0.96512626
vn 0.26174196 -4.7383490e-3 -0.96512626
vn 0.26174196 -4.7383490e-3 -0.96512626
vn -0.55826422 -0.81646585 -0.14739260
vn -0.55826422 -0.81646585 -0.14739260
vn 0.26174196 -4.7383490e-3 -0.96512626
vn 0.26174196 -4.7383490e-3 -0.96512626
vn -0.26174196 4.7383490e-3 0.96512626
vn 0.55831452 0.81642895 0.14740643
vn -0.26174196 4.7383490e-3 0.96512626
vn -0.26174196 4.7383490e-3 0.96512626
vn 0.55831452 0.81642895 0.14740643
vn -0.55826422 -0.81646585 -0.14739260
vn -0.55826422 -0.81646585 -0.14739260
vn -0.26174196 4.7383490e-3 0.96512626
vn -0.26174196 4.7383490e-3 0.96512626
vn -0.26174196 4.7383490e-3 0.96512626
vn -0.55826422 -0.81646585 -0.14739260
vn -0.55826422 -0.81646585 -0.14739260
vn -0.26174196 4.7383490e-3 0.96512626
vn -0.96291628 6.6528767e-2 -0.26146924
vn -6.5447592e-2 -0.99777326 -1.2850736e-2
vn -0.26174196 4.7383490e-3 0.96512626
vn -0.26174196 4.7383490e-3 0.96512626
vn 6.5447592e-2 0.99777326 1.2850736e-2
vn -0.62013981 0.76541713 -0.17193960
vn 6.5447592e-2 0.99777326 1.2850736e-2
vn 0.62006777 -0.76547981 0.17192037
vn -0.26174196 4.7383490e-3 0.96512626
vn 0.62006777 -0.76547981 0.17192037
vn 6.5447592e-2 0.99777326 1.2850736e-2
vn 0.96291628 -6.6528767e-2 0.26146924
vn -6.5447592e-2 -0.99777326 -1.2850736e-2
vn -0.26174196 4.7383490e-3 0.96512626
vn -0.26174196 4.7383490e-3 0.96512626
vn 0.96291628 -6.6528767e-2 0.26146924
vn -6.5447592e-2 -0.99777326 -1.2850736e-2
vn -6.5447592e-2 -0.99777326 -1.2850736e-2
vn 0.26174196 -4.7383490e-3 -0.96512626
vn -0.96291628 6.6528767e-2 -0.26146924
vn -0.96291628 6.6528767e-2 -0.26146924
vn -6.5447592e-2 -0.99777326 -1.2850736e-2
vn 6.5447592e-2 0.99777326 1.2850736e-2
vn -0.62013981 0.76541713 -0.17193960
vn 6.5447592e-2 0.99777326 1.2850736e-2
vn -0.62013981 0.76541713 -0.17193960
vn 0.26174196 -4.7383490e-3 -0.96512626
vn 0.26174196 -4.7383490e-3 -0.96512626
vn 6.5447592e-2 0.99777326 1.2850736e-2
vn 0.62006777 -0.76547981 0.17192037
vn 0.26174196 -4.7383490e-3 -0.96512626
vn -6.5447592e-2 -0.99777326 -1.2850736e-2
vn 0.26174196 -4.7383490e-3 -0.96512626
vn 0.96291628 -6.6528767e-2 0.26146924
vn 0.26174196 -4.7383490e-3 -0.96512626
vn 0.86027888 -0.45215832 0.23552728
vn 0.86027888 -0.45215832 0.23552728
vn 0.86027888 -0.45215832 0.23552728
vn 0.86027888 -0.45215832 0.23552728
vn 0.26174196 -4.7383490e-3 -0.96512626
vn 0.26174196 -4.7383490e-3 -0.96512626
vn 0.26174196 -4.7383490e-3 -0.96512626
vn 0.26174196 -4.7383490e-3 -0.96512626
vn -0.86030019 0.45211488 -0.23553285
vn -0.86030019 0.45211488 -0.23553285
vn 0.26174196 -4.7383490e-3 -0.96512626
vn 0.26174196 -4.7383490e-3 -0.96512626
vn -0.26174196 4.7383490e-3 0.96512626
vn 0.86027888 -0.45215832 0.23552728
vn -0.26174196 4.7383490e-3 0.96512626
vn -0.26174196 4.7383490e-3 0.96512626
vn 0.86027888 -0.45215832 0.23552728
vn -0.26174196 4.7383490e-3 0.96512626
vn -0.86030019 0.45211488 -0.23553285
vn -0.86030019 0.45211488 -0.23553285
vn -0.26174196 4.7383490e-3 0.96512626
vn -0.26174196 4.7383490e-3 0.96512626
vn -0.86030019 0.45211488 -0.23553285
vn -0.86030019 0.45211488 -0.23553285
vn 0.23610485 -0.24505628 0.94032012
vn -0.90571301 0.29508470 0.30431720
vn -0.35204892 -0.92351093 -0.15227973
vn 0.23610485 -0.24505628 0.94032012
vn 0.23610485 -0.24505628 0.94032012
vn 0.35204892 0.92351093 0.15227973
vn -0.62859311 0.69942531 0.34011018
vn 0.35204892 0.92351093 0.15227973
vn 0.62853826 -0.69947500 -0.34010935
vn 0.23610485 -0.24505628 0.94032012
vn 0.62853826 -0.69947500 -0.34010935
vn 0.35204892 0.92351093 0.15227973
vn 0.90571301 -0.29508470 -0.30431720
vn -0.35204892 -0.92351093 -0.15227973
vn 0.23610485 -0.24505628 0.94032012
vn 0.23610485 -0.24505628 0.94032012
vn 0.90571301 -0.29508470 -0.30431720
vn -0.35204892 -0.92351093 -0.15227973
vn -0.35204892 -0.92351093 -0.15227973
vn -0.23610485 0.24505628 -0.94032012
vn -0.90571301 0.29508470 0.30431720
vn -0.90571301 0.29508470 0.30431720
vn -0.35204892 -0.92351093 -0.15227973
vn 0.35204892 0.92351093 0.15227973
vn -0.62859311 0.69942531 0.34011018
vn 0.35204892 0.92351093 0.15227973
vn -0.62859311 0.69942531 0.34011018
vn -0.23610485 0.24505628 -0.94032012
vn -0.23610485 0.24505628 -0.94032012
vn 0.35204892 0.92351093 0.15227973
vn 0.62853826 -0.69947500 -0.34010935
vn -0.23610485 0.24505628 -0.94032012
vn -0.35204892 -0.92351093 -0.15227973
vn -0.23610485 0.24505628 -0.94032012
vn 0.90571301 -0.29508470 -0.30431720
vn -0.23610485 0.24505628 -0.94032012
vn 0.79140213 -0.51301679 -0.33241005
vn 0.79140213 -0.51301679 -0.33241005
vn 0.79140213 -0.51301679 -0.33241005
vn 0.79140213 -0.51301679 -0.33241005
vn -0.23610485 0.24505628 -0.94032012
vn -0.23610485 0.24505628 -0.94032012
vn -0.23610485 0.24505628 -0.94032012
vn -0.23610485 0.24505628 -0.94032012
vn -0.79142300 0.51298634 0.33240736
vn -0.79142300 0.51298634 0.33240736
vn -0.23610485 0.24505628 -0.94032012
vn -0.23610485 0.24505628 -0.94032012
vn 0.23610485 -0.24505628 0.94032012
vn 0.79140213 -0.51301679 -0.33241005
vn 0.23610485 -0.24505628 0.94032012
vn 0.23610485 -0.24505628 0.94032012
vn 0.79140213 -0.51301679 -0.33241005
vn 0.23610485 -0.24505628 0.94032012
vn -0.79142300 0.51298634 0.33240736
vn -0.79142300 0.51298634 0.33240736
vn 0.23610485 -0.24505628 0.94032012
vn 0.23610485 -0.24505628 0.94032012
vn -0.79142300 0.51298634 0.33240736
vn -0.79142300 0.51298634 0.33240736
vn 0.97017336 4.7383490e-3 -0.24236583
vn 0.24152574 6.6528767e-2 0.96811117
vn 2.0711549e-2 -0.99777326 6.3400004e-2
vn 0.97017336 4.7383490e-3 -0.24236583
vn 0.97017336 4.7383490e-3 -0.24236583
vn -2.0711549e-2 0.99777326 -6.3400004e-2
vn 0.15245132 0.76541713 0.62521613
vn -2.0711549e-2 0.99777326 -6.3400004e-2
vn -0.15243297 -0.76547981 -0.62514386
vn 0.97017336 4.7383490e-3 -0.24236583
vn -0.15243297 -0.76547981 -0.62514386
vn -2.0711549e-2 0.99777326 -6.3400004e-2
vn -0.24152574 -6.6528767e-2 -0.96811117
vn 2.0711549e-2 -0.99777326 6.3400004e-2
vn 0.97017336 4.7383490e-3 -0.24236583
vn 0.97017336 4.7383490e-3 -0.24236583
vn -0.24152574 -6.6528767e-2 -0.96811117
vn 2.0711549e-2 -0.99777326 6.3400004e-2
vn 2.0711549e-2 -0.99777326 6.3400004e-2
vn -0.97017336 -4.7383490e-3 0.24236583
vn 0.24152574 6.6528767e-2 0.96811117
vn 0.24152574 6.6528767e-2 0.96811117
vn 2.0711549e-2 -0.99777326 6.3400004e-2
vn -2.0711549e-2 0.99777326 -6.3400004e-2
vn 0.15245132 0.76541713 0.62521613
vn -2.0711549e-2 0.99777326 -6.3400004e-2
vn 0.15245132 0.76541713 0.62521613
vn -0.97017336 -4.7383490e-3 0.24236583
vn -0.97017336 -4.7383490e-3 0.24236583
vn -2.0711549e-2 0.99777326 -6.3400004e-2
vn -0.15243297 -0.76547981 -0.62514386
vn -0.97017336 -4.7383490e-3 0.24236583
vn 2.0711549e-2 -0.99777326 6.3400004e-2
vn -0.97017336 -4.7383490e-3 0.24236583
vn -0.24152574 -6.6528767e-2 -0.96811117
